Null-ALG2
		2A 43 79 07 7F 01 7C 01 18 00 00 00 01 02 00 00 00 00 00 00 00 00 00 00 00 00 00 00 00 00 00 00 00 00 00 00 00 00 00 00 00 00 F7 
Null-ALG0
		1C 43 79 07 7F 01 7C 01 34 00 00 00 01 00 00 00 00 00 00 00 00 00 00 00 00 00 00 00 F7
ALG2:LFO1
		1C 43 79 07 7F 01 7C 01 0C 00 00 00 01 40 00 00 00 00 00 00 00 00 00 00 00 00 00 00 F7 
LFO3
		1C 43 79 07 7F 01 7C 01 6D 00 00 00 01 C0 00 00 00 00 00 00 00 00 00 00 00 00 00 00 F7 
PAN16+PE
		1C 43 79 07 7F 01 7C 01 67 00 00 00 81 20 00 00 00 00 00 00 00 00 00 00 00 00 00 00 F7 
PAN31
		1C 43 79 07 7F 01 7C 01 49 00 00 00 F9 00 00 00 00 00 00 00 00 00 00 00 00 00 00 00 F7 

OP1		.. 43 79 07 7F 01 BM BL PC NA TP DN[only fm]
Multi15	1C 43 79 07 7F 01 7C 01 2A 00 00 00 01 00 00 00 00 00 00 F0 00 00 00 00 00 00 00 00 F7 
DT7		1C 43 79 07 7F 01 7C 01 10 00 00 00 01 00 00 00 00 00 00 07 00 00 00 00 00 00 00 00 F7 
AR15	1C 43 79 07 7F 01 7C 01 2F 00 00 00 01 00 00 00 F0 00 00 00 00 00 00 00 00 00 00 00 F7 
DR15	1C 43 79 07 7F 01 7C 01 4F 00 00 00 01 00 00 0F 00 00 00 00 00 00 00 00 00 00 00 00 F7 
SR15	1C 43 79 07 7F 01 7C 01 40 00 00 00 01 00 F0 00 00 00 00 00 00 00 00 00 00 00 00 00 F7 
RR15	1C 43 79 07 7F 01 7C 01 02 00 00 00 01 00 00 F0 00 00 00 00 00 00 00 00 00 00 00 00 F7 
SL15	1C 43 79 07 7F 01 7C 01 4F 00 00 00 01 00 00 00 0F 00 00 00 00 00 00 00 00 00 00 00 F7 
TL63	1C 43 79 07 7F 01 7C 01 71 00 00 00 01 00 00 00 00 FC 00 00 00 00 00 00 00 00 00 00 F7 
KSL3	1C 43 79 07 7F 01 7C 01 53 00 00 00 01 00 00 00 00 03 00 00 00 00 00 00 00 00 00 00 F7 
DAM3	1C 43 79 07 7F 01 7C 01 59 00 00 00 01 00 00 00 00 00 60 00 00 00 00 00 00 00 00 00 F7 
DVB3	1C 43 79 07 7F 01 7C 01 71 00 00 00 01 00 00 00 00 00 06 00 00 00 00 00 00 00 00 00 F7 
FB7		1C 43 79 07 7F 01 7C 01 54 00 00 00 01 00 00 00 00 00 00 00 07 00 00 00 00 00 00 00 F7 
WS30	1C 43 79 07 7F 01 7C 01 11 00 00 00 01 00 00 00 00 00 00 00 F0 00 00 00 00 00 00 00 F7 
  29	1C 43 79 07 7F 01 7C 01 40 00 00 00 01 00 00 00 00 00 00 00 E8 00 00 00 00 00 00 00 F7 
XOF		1C 43 79 07 7F 01 7C 01 0B 00 00 00 01 00 08 00 00 00 00 00 00 00 00 00 00 00 00 00 F7 
SUS		1C 43 79 07 7F 01 7C 01 72 00 00 00 01 00 02 00 00 00 00 00 00 00 00 00 00 00 00 00 F7 
KSR		1C 43 79 07 7F 01 7C 01 72 00 00 00 01 00 01 00 00 00 00 00 00 00 00 00 00 00 00 00 F7 
EAM		1C 43 79 07 7F 01 7C 01 35 00 00 00 01 00 00 00 00 00 10 00 00 00 00 00 00 00 00 00 F7 
EVB		1C 43 79 07 7F 01 7C 01 29 00 00 00 01 00 00 00 00 00 01 00 00 00 00 00 00 00 00 00 F7 
            0  1  2  3  4  5  6  7  8  9  A  B  C  D  E  F 10 11 12 13 14 15 16 17 18 19 1A

OP2Full	1C 43 79 07 7F 01 7C 01 42 00 00 00 01 00 00 00 00 00 00 00 00 FB FF FF FF 77 F7 F0 F7 

PCMFull	1B 43 79 07 7F 01 7C 01 1F 00 01 27 10 F9 C0 FA FF FF FC 77 00 00 03 A9 03 A9 80 F7 
PCMRM6	1B 43 79 07 7F 01 7C 01 1D 00 01 33 90 F9 C0 FA FF FF FC 77 00 00 0D F9 15 DB 86 F7 

Pch2 Note34(0x22)[76(0x4C)] DN18(0x12)
FM4Drum	2A 43 79 07 7F 01 7D 00 02 4C 00 12 79 65 59 50 F0 14 44 C0 17 79 77 F7 00 44 B0 00 68 6A F8 00 44 C0 00 78 77 F7 00 44 70 10 F7 
