PCMNull	1B 43 79 07 7F 01 7D 00 02 56 01 05 DC 00 00 00 00 00 00 00 00 00 00 00 00 01 80 F7 
LFO3	1B 43 79 07 7F 01 7D 00 02 11 01 05 DC 00 C0 00 00 00 00 00 00 00 00 00 00 01 80 F7 
PAN31Pe	1B 43 79 07 7F 01 7D 00 02 0D 01 05 DC F9 00 00 00 00 00 00 00 00 00 00 00 01 80 F7 
AR15	1B 43 79 07 7F 01 7D 00 02 54 01 05 DC 00 00 00 00 F0 00 00 00 00 00 00 00 01 80 F7 
DR15	1B 43 79 07 7F 01 7D 00 02 1B 01 05 DC 00 00 00 0F 00 00 00 00 00 00 00 00 01 80 F7 
SR15	1B 43 79 07 7F 01 7D 00 02 5A 01 05 DC 00 00 F0 00 00 00 00 00 00 00 00 00 01 80 F7 
RR15	1B 43 79 07 7F 01 7D 00 02 1F 01 05 DC 00 00 00 F0 00 00 00 00 00 00 00 00 01 80 F7 
SL15	1B 43 79 07 7F 01 7D 00 02 19 01 05 DC 00 00 00 00 0F 00 00 00 00 00 00 00 01 80 F7 
TL63	1B 43 79 07 7F 01 7D 00 02 1B 01 05 DC 00 00 00 00 00 FC 00 00 00 00 00 00 01 80 F7 
DAM3	1B 43 79 07 7F 01 7D 00 02 15 01 05 DC 00 00 00 00 00 00 60 00 00 00 00 00 01 80 F7 
DVB+evb	1B 43 79 07 7F 01 7D 00 02 1D 01 05 DC 00 00 00 00 00 00 07 00 00 00 00 00 01 80 F7 
XOF1	1B 43 79 07 7F 01 7D 00 02 52 01 05 DC 00 00 08 00 00 00 00 00 00 00 00 00 01 80 F7 
SUS1	1B 43 79 07 7F 01 7D 00 02 1B 01 05 DC 00 00 02 00 00 00 00 00 00 00 00 00 01 80 F7 
FS48kR6	1B 43 79 07 7F 01 7D 00 02 1B 01 33 90 00 00 00 00 00 00 00 00 00 0D F9 15 DB 86 F7 
LP1234-
 EP4567	1B 43 79 07 7F 01 7D 00 02 0F 01 33 90 00 00 00 00 00 00 00 00 00 04 D2 11 D7 86 F7 

fs10k	1B 43 79 07 7F 01 7D 00 02 19 01 27 10 00 00 00 00 00 00 00 00 00 00 00 00 01 80 F7 
fs20k	1B 43 79 07 7F 01 7D 00 02 17 01 4E 20 00 00 00 00 00 00 00 00 00 00 00 00 01 80 F7 
fs48k	1B 43 79 07 7F 01 7D 00 02 5A 01 BB 80 00 00 00 00 00 00 00 00 00 00 00 00 01 80 F7 
            0  1  2  3  4  5  6  7  8  9  A  B  C  D  E  F 10 11 12 13 14 15 16 17 18 19
